12  30  1       1662042873.124032       1662042873.124039       0       0       0       0       8       0       50000   0       0       0       1       1       0       0       f       0       0
23  33  2       1662042873.124032       1662042873.124039       0       0       0       0       8       0       50000   0       0       0       1       1       0       0       f       0       0
22  34  3       1662042873.124032       1662042873.124039       0       0       0       0       8       0       50000   0       0       0       1       1       0       0       f       0       0
12  27  4       1662042873.124032       1662042873.124039       0       0       0       0       8       0       50000   0       0       0       1       1       0       0       f       0       0
22  35  5       1662042873.124032       1662042873.124039       0       0       0       0       8       0       50000   0       0       0       1       1       0       0       f       0       0
21  41  6       1662042873.124032       1662042873.124039       0       0       0       0       8       0       50000   0       0       0       1       1       0       0       f       0       0
21  43  7       1662042873.124032       1662042873.124039       0       0       0       0       8       0       50000   0       0       0       1       1       0       0       f       0       0
13  19  8       1662042873.124032       1662042873.124039       0       0       0       0       8       0       50000   0       0       0       1       1       0       0       f       0       0
21  44  9       1662042873.124032       1662042873.124039       0       0       0       0       8       0       50000   0       0       0       1       1       0       0       f       0       0
12  28  10       1662042873.124032       1662042873.124039       0       0       0       0       8       0       50000   0       0       0       1       1       0       0       f       0       0
12  26  11       1662042873.124032       1662042873.124039       0       0       0       0       8       0       50000   0       0       0       1       1       0       0       f       0       0
13  20  12       1662042873.124032       1662042873.124039       0       0       0       0       8       0       50000   0       0       0       1       1       0       0       f       0       0
22  36  13       1662042873.124032       1662042873.124039       0       0       0       0       8       0       50000   0       0       0       1       1       0       0       f       0       0
22  37  14       1662042873.124032       1662042873.124039       0       0       0       0       8       0       50000   0       0       0       1       1       0       0       f       0       0
12  31  15       1662042873.124032       1662042873.124039       0       0       0       0       8       0       50000   0       0       0       1       1       0       0       f       0       0
22  39  16       1662042873.124032       1662042873.124039       0       0       0       0       8       0       50000   0       0       0       1       1       0       0       f       0       0
21  45  17       1662042873.124032       1662042873.124039       0       0       0       0       8       0       50000   0       0       0       1       1       0       0       f       0       0
21  40  18       1662042873.124032       1662042873.124039       0       0       0       0       8       0       50000   0       0       0       1       1       0       0       f       0       0
15  32  19       1662042873.124032       1662042873.124039       0       0       0       0       8       0       50000   0       0       0       1       1       0       0       f       0       0
